------------------------------------
----------------Camera 1------------

[100.0, 0.0, 0, 0, 0, 255, 255, 255, 217.0, 259.0, 50.0, 25.0, 7.0, 0.0, 0.0, 0.0, 0.0, 0.1, 2.0], [100.0, 0.0, 0, 0, 0, 255, 255, 255, 292.0, 259.0, 50.0, 25.0, 7.0, 0.0, 0.0, 0.0, 0.0, 0.1, 2.0], [100.0, 0.0, 0, 0, 197, 255, 255, 255, 365.0, 259.0, 50.0, 25.0, 7.0, 0.0, 0.1, 0.0, 0.0, 0.1, 2.0], [100.0, 0.0, 0, 0, 0, 255, 255, 255, 436.0, 259.0, 50.0, 25.0, 7.0, 0.0, 0.9, 0.0, 0.0, 0.1, 2.0], [100.0, 0.0, 0, 0, 0, 255, 255, 255, 510.0, 258.0, 50.0, 25.0, 7.0, 0.0, 0.9, 0.0, 0.0, 0.1, 2.0], [100.0, 0.0, 0, 0, 0, 255, 255, 255, 572.0, 258.0, 50.0, 25.0, 7.0, 0.0, 0.9, 0.0, 0.0, 0.1, 2.0]

False,True,False,0.033,True,True

------------------------------------
----------------Camera 2------------

[100.0, 0.0, 0, 0, 0, 255, 255, 255, 220.0, 260.0, 50.0, 25.0, 3.0, 0.0, 9.0, 0.0, 0.0, 0.1, 2.0], [100.0, 0.0, 0, 0, 85, 255, 255, 255, 292.0, 261.0, 50.0, 25.0, 7.0, 0.0, 9.0, 0.0, 0.0, 0.1, 2.0], [100.0, 0.0, 0, 0, 0, 255, 255, 255, 367.0, 259.0, 50.0, 25.0, 7.0, 0.0, 9.0, 0.0, 0.0, 0.1, 2.0], [100.0, 0.0, 0, 0, 0, 255, 255, 255, 441.0, 260.0, 50.0, 25.0, 7.0, 0.0, 9.0, 0.0, 0.0, 0.1, 2.0], [100.0, 0.0, 0, 0, 0, 255, 255, 255, 516.0, 256.0, 50.0, 25.0, 7.0, 0.0, 0.0, 0.0, 0.0, 0.1, 2.0], [100.0, 0.0, 0, 0, 0, 255, 255, 255, 577.0, 258.0, 50.0, 25.0, 7.0, 0.0, 0.0, 0.0, 0.0, 0.1, 2.0]

False,True,False,0.033,True,True

