------------------------------------
----------------Camera 1------------

[100.0, 0.0, 0, 0, 0, 245, 230, 239, 191.0, 265.0, 63.0, 22.0, 7.0, 1.0, 1.0, 0.0, 0.0, 0.1, 2.0], [10.0, 0.0, 0, 0, 255, 0, 255, 255, 280.0, 265.0, 50.0, 25.0, 7.0, 1.0, 0.04, 7.0, 0.0, 0.1, 2.0], [10.0, 0.0, 0, 0, 164, 255, 255, 255, 362.0, 265.0, 50.0, 25.0, 7.0, 1.0, 0.04, 0.0, 0.0, 100.0, 2.0], [10.0, 0.0, 0, 0, 107, 255, 255, 255, 437.0, 264.0, 50.0, 25.0, 7.0, 0.0, 0.0, 0.0, 0.0, 0.1, 2.0], [10.0, 0.0, 0, 0, 136, 255, 255, 255, 108.0, 264.0, 50.0, 25.0, 7.0, 0.0, 10.0, 0.0, 0.0, 0.1, 2.0]

False,True,False,0.033,True,True

------------------------------------
----------------Camera 2------------

[10.0, 0.0, 0, 0, 81, 255, 255, 255, 210.0, 276.0, 50.0, 25.0, 7.0, 0.0, 10.0, 0.0, 0.0, 0.1, 2.0], [10.0, 0.0, 0, 0, 102, 255, 255, 255, 283.0, 279.0, 50.0, 25.0, 7.0, 0.0, 10.0, 0.0, 0.0, 0.1, 2.0], [10.0, 0.0, 0, 0, 107, 255, 255, 255, 350.0, 281.0, 50.0, 25.0, 7.0, 0.0, 10.0, 0.0, 0.0, 0.1, 2.0], [10.0, 0.0, 0, 0, 0, 255, 255, 255, 416.0, 284.0, 50.0, 25.0, 7.0, 0.0, 10.0, 0.0, 0.0, 0.1, 2.0]

False,True,False,0.0,True,True

